00129
00172
00230
00232
00263
00319
00321
00347
00349
00356
00362
00365
00374
00383
00384
00385
00386
00390
00451
00517
00729
00803
00841
00927
01147
01150
01197
01294
01324
01411
01429
01490
01495
01514
01549
01600
01628
01640
01709
01751
01780
01859
01894
01902
01922
01963
02204
02205
02210
02212
02214
02223
02271
02466
02509
02510
03443
03602
03607
03609
03620
03698
03748
03749
03751
03756
03758
03781
03835
03837
03857
03871
03878
04005
04083
04250
04295
04339
04351
04352
04355
04385
04390
04402
04426
04467
04490
04492
04526
04546
04595
04676
04684
04686
04694
04810
04897
04909
04910
04913
04914
04915
04916
04917
04918
04919
04920
04924
04926
04960
05180
05181
05183
05184
05192
05194
05196
05199
05204
05205
05216
05225
05228
05230
05231
05246
05249
05499
05501
05576
05578
05579
05591
05592
05598
05600
05610
05732
05733
05734
05736
05746
05747
05748
05750
05751
05753
05754
05755
05757
05758
05759
05761
05765
05766
05770
06207
06234
06325
06333
06338
06441
06462
06492
06717
06742
06743
06830
07758
07884
07886
07891
10891
10962
10964
10966
10967
10972
10973
10979
10980
11018
11019
11023
11024
11027
11029
11030
11031
11033
11034
11142
11148
11175
11176
11179
11180
11181
11182
11183
11186
11187
11188
11190
11192
11193
11194
11195
11208
11211
11213
11218
11219
12999
1814 
3610 
4498 
5585 
5593 
5595 
5760 
