00119
00142
00193
00195
00213
00256
00277
00408
00449
00703
00712
00713
00794
00911
00926
01006
01071
01092
01147
01167
01186
01187
01198
01217
01260
01265
01282
01283
01347
01351
01353
01376
01379
01430
01433
01448
01459
01570
01589
01635
01659
01668
01699
01793
01803
01854
01897
02077
02277
02303
02305
02309
02310
02313
02314
02316
02317
02318
02319
02320
02321
02326
02331
02339
02340
02341
02343
02346
02347
02348
02350
02351
02352
02353
02354
02355
02357
02359
02360
02363
02364
02367
02372
02373
02375
02380
02382
02388
02389
02390
02392
02393
02394
02395
02397
02398
02401
02403
02404
02408
02409
02413
02414
02415
02416
02417
02418
02419
02433
02437
02449
02452
02456
02480
02545
02566
02583
02590
02629
02637
02640
02654
02665
02711
02769
02795
03011
03016
03028
03030
03031
03032
03041
03043
03053
03056
03057
03058
03060
03061
03062
03084
03088
03091
03095
03102
03109
03117
03120
03123
03131
03134
03139
03143
03144
03146
03147
03148
03151
03153
03155
03157
03163
03167
03169
03174
03179
03180
03181
03185
03191
03192
03195
03198
03230
03246
03247
03266
03357
03365
03449
03466
03468
03486
03508
03571
03580
03603
03700
03969
03972
04010
04071
04233
04234
04245
04247
04278
04279
04280
04296
04322
04350
04380
04405
04424
04539
04580
04605
04683
04708
04726
04736
04748
04764
04766
04767
04784
04811
04814
04825
04832
04847
04937
04947
04953
04975
05618
05632
05644
05646
05649
05651
05652
05653
05654
05656
05657
05658
05660
05661
05662
05665
05666
06465
06678
06679
06681
06683
06711
06733
06795
07700
07712
07728
07817
07844
07928
07939
07945
07946
10888
10889
10890
10892
10894
10901
10907
10908
10916
10941
10956
10958
10960
10961
10986
10990
10991
10992
10994
10995
10996
10999
11007
11008
11009
11010
