00129
00135
00145
00159
00170
00174
00183
00185
00186
00188
00193
00195
00200
00205
00208
00210
00213
00216
00218
00219
00220
00223
00225
00226
00229
00230
00232
00233
00242
00245
00246
00260
00263
00264
00268
00269
00272
00273
00274
00290
00291
00293
00321
00347
00365
00383
00408
00415
00418
00442
00443
00447
00451
00467
00478
00479
00501
00507
00517
00523
00552
00553
00554
00558
00561
00568
00596
00652
00679
00696
00703
00706
00712
00713
00721
00726
00729
00731
00740
00754
00756
00757
00790
00793
00803
00813
00819
00821
00822
00833
00836
00839
00850
00852
00856
00857
00866
00868
00872
00873
00895
00911
00923
00926
00927
00990
00992
00994
00995
01014
01016
01021
01071
01074
01081
01089
01094
01127
01144
01147
01167
01180
01197
01274
01288
01292
01294
01299
01302
01304
01314
01318
01320
01321
01326
01353
01355
01365
01370
01371
01376
01384
01398
01406
01411
01413
01415
01426
01429
01448
01450
01490
01494
01495
01496
01514
01543
01548
01549
01563
01566
01567
01581
01589
01600
01628
01632
01640
01649
01658
01662
01668
01672
01685
01698
01699
01704
01709
01726
01733
01751
01754
01758
01762
01764
01766
01767
01768
01780
01782
01793
01800
01814
01830
01854
01862
01867
01887
01894
01902
01922
01925
01929
01936
01941
01944
01955
01956
01963
01975
01976
01981
01983
02000
02017
02077
02205
02223
02248
02252
02264
02267
02271
02277
02357
02375
02380
02382
02417
02418
02422
02426
02433
02442
02449
02451
02452
02466
02474
02476
02478
02480
02482
02510
02545
02564
02568
02578
02587
02591
02604
02631
02685
02693
02698
02709
02768
02769
02790
02795
02797
02798
03016
03032
03033
03060
03062
03109
03117
03120
03123
03146
03147
03181
03200
03213
03225
03227
03251
03273
03325
03364
03373
03377
03389
03394
03400
03404
03412
03425
03427
03434
03443
03447
03449
03455
03457
03459
03461
03470
03495
03508
03523
03527
03571
03586
03602
03603
03607
03608
03609
03610
03611
03613
03620
03637
03681
03688
03768
03770
03775
03783
03801
03804
03825
03838
03857
03871
03876
03959
03969
03972
03983
04004
04083
04094
04256
04260
04284
04286
04287
04288
04293
04415
04419
04554
04605
04611
04616
04672
04676
04682
04684
04783
04791
04818
04840
04847
04879
04932
04938
04960
04965
04990
05234
05236
05237
05238
05239
05240
05241
05242
05245
05248
05532
05538
05545
05548
05549
05551
05552
05553
05554
05555
05556
05563
05567
05568
05574
05575
05586
05587
05687
05692
05694
05695
05697
05700
05703
05705
05706
05708
05710
05711
05786
06263
06276
06396
06400
06452
06468
06473
06482
06514
06538
06712
06733
06738
06739
06740
06741
06742
06777
06778
06830
07772
07781
07825
07827
07830
07831
07832
07833
07834
07836
07843
07850
07853
07861
07878
07880
07884
07886
07894
07924
10408
10415
10427
10429
10432
10443
10457
10464
10472
10526
10551
10708
10738
10790
10796
10803
10811
10823
10870
10874
10875
10877
10880
10881
10886
10887
10888
10889
10890
10891
10892
10893
10894
10899
10900
10901
10904
10905
10906
10907
10908
10909
10910
10911
10914
10915
10916
10917
10919
10920
10921
10922
10924
10925
10926
10928
10929
10930
10931
10933
10934
10935
10936
10937
10938
10939
10940
10941
10942
10943
10945
10946
10947
10949
10950
10953
10954
10955
10956
10958
10960
10961
10962
10964
10966
10967
10968
10969
10970
10972
10973
10974
10975
10976
10979
10980
10982
10983
10984
10986
10987
10988
10990
10991
10992
10994
10995
10996
10998
10999
11002
11006
11007
11008
11009
11010
11011
11012
11013
11014
11015
11016
11017
11018
11019
11020
11021
11023
11024
11025
11027
11029
11030
11031
11033
11034
11036
11037
11038
11040
11042
11043
11045
11046
11047
11048
11049
11053
11054
11055
11056
11058
11059
11060
11062
11063
11064
11068
11069
11073
11075
11076
11077
11081
11082
11083
11084
11085
11087
11088
11089
11090
11091
11092
11093
11095
11096
11097
11099
11100
11101
11104
11105
11106
11109
11110
11112
11113
11114
11115
11116
11117
11119
11122
11124
11125
11126
11127
11130
11131
11133
11134
11135
11136
11139
11140
11141
11142
11143
11144
11148
11151
11152
11153
11154
11155
11158
11160
11162
11165
11166
11169
11170
11171
11172
11173
11174
11175
11176
11177
11179
11180
11181
11182
11183
11186
11187
11188
11208
11211
11916
12999
17783
