15001
15003
15004
15005
15006
15007
15009
15010
15012
15014
15015
15017
15019
15021
15022
15024
15025
15026
15027
15033
15034
15035
15037
15038
15042
15043
15044
15045
15047
15049
15050
15052
15053
15054
15055
15056
15057
15059
15060
15061
15062
15063
15066
15067
15068
15071
15072
15074
15076
15077
15078
15081
15082
15083
15084
15085
15086
15087
15088
15089
15090
15101
15102
15104
15106
15108
15110
15112
15116
15120
15122
15126
15129
15131
15132
15133
15135
15136
15137
15139
15140
15143
15144
15145
15146
15147
15148
15201
15202
15203
15204
15205
15206
15207
15208
15209
15210
15211
15212
15213
15214
15215
15216
15217
15218
15219
15220
15221
15222
15223
15224
15226
15227
15228
15229
15232
15233
15234
15235
15236
15237
15238
15239
15241
15243
15260
15290
15301
15312
15313
15314
15315
15316
15317
15320
15321
15322
15323
15324
15325
15330
15331
15332
15333
15337
15338
15340
15342
15344
15345
15346
15347
15348
15349
15350
15351
15352
15357
15358
15359
15360
15361
15363
15364
15366
15367
15368
15370
15376
15378
15379
15380
15401
15410
15411
15412
15413
15417
15419
15421
15423
15424
15425
15427
15428
15429
15431
15432
15434
15436
15437
15438
15442
15444
15445
15456
15458
15459
15461
15464
15466
15468
15470
15472
15473
15474
15475
15476
15477
15478
15479
15480
15482
15483
15486
15501
15521
15522
15530
15531
15533
15537
15538
15541
15542
15545
15547
15550
15552
15554
15557
15558
15559
15560
15563
15564
15601
15610
15611
15613
15617
15618
15620
15621
15622
15624
15626
15627
15628
15629
15631
15632
15634
15636
15637
15638
15639
15641
15642
15644
15650
15655
15656
15658
15661
15663
15665
15666
15668
15670
15672
15673
15675
15679
15681
15683
15684
15689
15690
15695
15696
15697
15698
15701
15710
15714
15715
15716
15717
15721
15722
15724
15725
15727
15728
15729
15731
15732
15734
15736
15739
15742
15745
15747
15748
15750
15752
15753
15754
15756
15757
15759
15761
15767
15772
15774
15775
15777
15778
15784
15801
15823
15824
15825
15827
15829
15832
15834
15840
15841
15845
15846
15851
15853
15857
15864
15865
15866
15868
15870
15901
15902
15904
15905
15906
15909
15920
15921
15923
15924
15925
15926
15927
15928
15930
15931
15935
15936
15937
15938
15940
15942
15943
15944
15946
15948
15949
15951
15952
15954
15955
15956
15958
15961
15962
15963
16001
16002
16022
16024
16025
16027
16028
16029
16030
16033
16036
16037
16038
16041
16045
16046
16049
16050
16051
16052
16053
16054
16056
16057
16059
16061
16063
16066
16101
16102
16105
16110
16111
16112
16113
16115
16116
16117
16120
16121
16124
16125
16127
16130
16131
16133
16134
16136
16137
16140
16141
16142
16143
16145
16146
16148
16150
16151
16153
16154
16156
16157
16159
16160
16161
16201
16213
16214
16222
16226
16228
16229
16230
16232
16233
16238
16239
16240
16242
16246
16248
16249
16254
16255
16256
16258
16259
16260
16262
16301
16313
16314
16316
16317
16323
16327
16328
16335
16341
16342
16343
16344
16345
16346
16347
16350
16351
16353
16354
16360
16362
16365
16371
16372
16373
16374
16401
16402
16403
16404
16405
16406
16407
16410
16412
16415
16417
16422
16423
16424
16426
16427
16428
16433
16434
16435
16438
16440
16441
16442
16444
16501
16502
16503
16504
16505
16506
16507
16508
16509
16510
16511
16546
16563
16601
16602
16611
16613
16617
16619
16620
16621
16623
16624
16625
16627
16630
16633
16634
16635
16637
16639
16641
16645
16646
16648
16650
16651
16652
16656
16657
16661
16662
16665
16666
16667
16668
16669
16671
16673
16677
16678
16679
16682
16686
16692
16693
16695
16701
16720
16730
16731
16733
16734
16735
16738
16740
16743
16744
16746
16748
16749
16801
16802
16803
16820
16821
16822
16823
16825
16826
16827
16828
16829
16830
16832
16833
16835
16838
16839
16840
16841
16843
16844
16845
16847
16848
16851
16852
16853
16854
16858
16859
16865
16866
16868
16870
16872
16874
16875
16876
16878
16881
16882
16901
16911
16912
16915
16920
16922
16928
16929
16930
16933
16936
16946
16947
16948
16950
17002
17003
17004
17005
17006
17007
17009
17010
17011
17013
17015
17016
17017
17018
17019
17020
17021
17022
17023
17024
17025
17026
17027
17028
17029
17030
17032
17033
17034
17035
17036
17038
17040
17042
17043
17044
17045
17046
17048
17049
17050
17051
17052
17053
17055
17056
17057
17058
17059
17060
17061
17062
17063
17064
17065
17066
17067
17068
17069
17070
17072
17073
17074
17075
17078
17080
17081
17082
17083
17084
17086
17087
17088
17093
17094
17097
17098
17099
17101
17102
17103
17104
17109
17110
17111
17112
17113
17120
17201
17202
17214
17222
17224
17225
17233
17235
17236
17237
17238
17240
17241
17243
17244
17249
17250
17253
17254
17255
17257
17260
17263
17264
17268
17301
17302
17304
17306
17307
17311
17313
17314
17315
17316
17317
17318
17319
17320
17321
17322
17324
17325
17327
17331
17339
17340
17343
17344
17345
17347
17349
17350
17353
17355
17356
17360
17361
17362
17363
17365
17366
17368
17370
17371
17372
17401
17402
17403
17404
17406
17407
17408
17501
17502
17505
17507
17508
17509
17512
17516
17517
17519
17520
17522
17527
17529
17535
17536
17538
17540
17543
17545
17547
17550
17551
17552
17554
17555
17557
17560
17562
17563
17565
17566
17569
17570
17572
17576
17578
17579
17581
17582
17584
17601
17602
17603
17701
17702
17721
17724
17730
17731
17737
17740
17745
17747
17748
17749
17751
17752
17754
17756
17762
17764
17772
17777
17801
17810
17812
17813
17814
17815
17820
17821
17824
17827
17829
17830
17832
17834
17835
17837
17841
17842
17844
17845
17846
17847
17850
17851
17853
17855
17856
17857
17859
17860
17861
17862
17864
17866
17868
17870
17872
17876
17878
17881
17884
17886
17888
17889
17901
17920
17921
17922
17923
17925
17929
17930
17931
17933
17934
17935
17936
17938
17941
17943
17945
17948
17949
17951
17952
17953
17954
17957
17959
17960
17961
17963
17965
17967
17970
17972
17974
17976
17979
17980
17981
17982
17983
18011
18013
18014
18015
18016
18017
18018
18020
18030
18031
18032
18034
18035
18036
18037
18040
18041
18042
18045
18049
18052
18054
18055
18056
18058
18059
18062
18063
18064
18066
18067
18071
18072
18073
18076
18077
18078
18079
18080
18083
18085
18087
18088
18091
18101
18102
18103
18104
18105
18106
18109
18201
18202
18210
18214
18216
18218
18219
18220
18222
18223
18224
18225
18229
18231
18232
18234
18235
18237
18239
18240
18241
18242
18244
18248
18249
18250
18252
18254
18255
18256
18301
18302
18322
18323
18324
18325
18326
18327
18328
18330
18334
18336
18337
18342
18343
18344
18346
18347
18350
18351
18353
18360
18403
18405
18407
18411
18414
18419
18421
18424
18428
18431
18433
18434
18435
18436
18444
18445
18446
18447
18452
18456
18462
18465
18466
18470
18471
18472
18473
18503
18504
18505
18507
18508
18509
18510
18512
18517
18518
18519
18602
18603
18610
18612
18614
18615
18616
18617
18618
18621
18623
18625
18626
18630
18631
18634
18635
18636
18640
18641
18642
18643
18644
18651
18655
18657
18661
18701
18702
18704
18705
18706
18707
18708
18709
18801
18810
18814
18818
18821
18822
18824
18829
18830
18831
18832
18833
18834
18837
18840
18847
18848
18853
18854
18901
18902
18914
18915
18917
18935
18936
18938
18940
18944
18947
18951
18954
18955
18960
18962
18964
18966
18969
18970
18974
19001
19002
19003
19006
19007
19008
19009
19010
19013
19014
19015
19017
19018
19020
19021
19022
19023
19025
19026
19030
19031
19032
19033
19034
19036
19038
19040
19041
19044
19046
19047
19050
19053
19054
19055
19056
19057
19060
19061
19063
19064
19066
19067
19070
19072
19074
19075
19076
19078
19079
19081
19082
19083
19086
19087
19090
19094
19095
19096
19102
19103
19104
19106
19107
19109
19111
19112
19114
19115
19116
19118
19119
19120
19121
19122
19123
19124
19125
19126
19127
19128
19129
19130
19131
19132
19133
19134
19135
19136
19137
19138
19139
19140
19141
19142
19143
19144
19145
19146
19147
19148
19149
19150
19151
19152
19153
19154
19301
19310
19311
19312
19319
19320
19330
19333
19335
19341
19342
19344
19348
19352
19355
19358
19362
19363
19365
19367
19372
19374
19380
19382
19383
19390
19401
19403
19405
19406
19422
19426
19428
19438
19440
19446
19454
19460
19462
19464
19465
19468
19473
19474
19475
19477
19501
19503
19504
19505
19506
19507
19508
19510
19511
19512
19518
19520
19522
19525
19526
19529
19530
19533
19534
19536
19539
19540
19541
19543
19544
19545
19547
19549
19550
19551
19554
19555
19559
19560
19562
19564
19565
19567
19601
19602
19604
19605
19606
19607
19608
19609
19610
19611
