00230
00232
00263
00347
00803
00926
00927
01147
01197
01353
01379
01429
01430
01448
01459
01514
01589
01635
01709
01780
01793
01814
01897
01963
02223
02277
02357
02414
02418
02433
02449
02466
02480
02482
02545
02795
03057
03060
03181
03200
03443
03468
03508
03571
03602
03603
03609
04083
04676
04783
04832
04960
06733
06830
07825
10888
10889
10890
10891
10892
10894
10901
10906
10907
10908
10914
10916
10933
10941
10942
10956
10958
10960
10961
10962
10964
10966
10967
10968
10972
10973
10979
10980
10992
11023
11024
