24701
24712
24715
24716
24719
24724
24726
24733
24736
24737
24740
24747
24801
24808
24813
24815
24816
24817
24818
24826
24828
24830
24836
24844
24846
24847
24849
24851
24853
24854
24860
24861
24866
24867
24868
24870
24871
24874
24878
24879
24881
24888
24892
24894
24901
24910
24915
24920
24924
24925
24927
24944
24946
24954
24963
24966
24970
24983
24986
25002
25003
25011
25015
25024
25031
25033
25035
25036
25039
25040
25043
25045
25049
25053
25057
25059
25064
25067
25070
25071
25082
25085
25086
25090
25102
25103
25106
25109
25110
25114
25118
25119
25123
25130
25133
25136
25139
25143
25152
25156
25159
25161
25162
25165
25168
25173
25177
25181
25186
25193
25202
25204
25206
25209
25213
25214
25247
25253
25260
25265
25270
25271
25276
25301
25302
25303
25304
25305
25306
25309
25311
25312
25313
25314
25315
25320
25401
25403
25404
25405
25411
25413
25414
25419
25420
25422
25425
25427
25428
25430
25434
25438
25442
25443
25502
25503
25504
25505
25506
25507
25508
25510
25514
25515
25523
25524
25526
25530
25535
25537
25541
25545
25550
25555
25557
25559
25560
25570
25571
25601
25606
25607
25608
25611
25617
25621
25624
25625
25628
25632
25634
25635
25637
25638
25644
25646
25647
25649
25652
25653
25661
25669
25670
25674
25678
25688
25692
25701
25702
25703
25704
25705
25801
25810
25812
25813
25817
25818
25823
25825
25826
25827
25832
25836
25840
25843
25845
25846
25849
25853
25854
25855
25865
25871
25873
25878
25879
25880
25882
25901
25904
25906
25907
25908
25915
25917
25918
25921
25928
25936
25951
25962
25972
25976
25981
25984
25989
26003
26030
26031
26032
26033
26034
26035
26037
26038
26040
26041
26047
26050
26059
26060
26062
26070
26074
26075
26101
26104
26105
26134
26143
26146
26147
26149
26150
26155
26159
26164
26167
26170
26175
26181
26184
26187
26201
26202
26205
26206
26208
26224
26230
26241
26250
26253
26257
26259
26260
26261
26264
26269
26270
26271
26273
26275
26278
26280
26283
26287
26288
26292
26293
26294
26296
26298
26301
26323
26325
26330
26335
26337
26346
26347
26349
26351
26354
26361
26362
26369
26377
26378
26385
26386
26404
26410
26412
26415
26416
26419
26421
26422
26425
26426
26430
26431
26437
26438
26444
26451
26452
26456
26501
26505
26508
26519
26521
26525
26534
26537
26541
26542
26543
26547
26554
26559
26563
26568
26570
26571
26574
26575
26576
26581
26582
26587
26588
26591
26601
26610
26621
26624
26651
26656
26679
26681
26691
26705
26707
26710
26711
26717
26719
26722
26726
26750
26753
26757
26763
26764
26767
26802
26807
26836
26847
26851
